2754061389936748105210756342982754061389107563429893674810521075634298936748105293674810525146209783
2754061389514620978319458276301945827630194582763093674810525146209783275406138951462097835146209783
9367481052514620978393674810525146209783514620978351462097831075634298936748105293674810521075634298
1945827630514620978327540613891945827630275406138927540613899367481052275406138910756342981075634298
1945827630514620978351462097839367481052514620978319458276301075634298275406138951462097831075634298
1075634298275406138993674810521075634298194582763027540613891075634298194582763051462097835146209783
2754061389275406138993674810529367481052107563429827540613895146209783936748105251462097831075634298
5146209783275406138910756342981075634298275406138910756342982754061389194582763019458276305146209783
2754061389275406138910756342981075634298514620978393674810521075634298107563429827540613891075634298
1945827630194582763093674810521945827630107563429810756342985146209783514620978319458276301945827630
1075634298275406138993674810521945827630514620978393674810521075634298194582763051462097831945827630
1945827630194582763010756342989367481052275406138919458276301945827630936748105219458276301945827630
2754061389107563429827540613891945827630107563429851462097835146209783107563429851462097831945827630
1945827630107563429819458276305146209783107563429819458276309367481052514620978327540613891945827630
9367481052514620978327540613899367481052107563429851462097831075634298514620978393674810521075634298
1075634298514620978393674810522754061389194582763093674810522754061389194582763010756342981075634298
9367481052936748105219458276309367481052107563429810756342985146209783275406138910756342981075634298
5146209783275406138919458276301075634298107563429893674810522754061389514620978393674810522754061389
1075634298107563429810756342981945827630107563429810756342989367481052936748105210756342981945827630
2754061389514620978393674810525146209783107563429810756342982754061389936748105210756342981945827630
1075634298107563429851462097835146209783936748105210756342982754061389936748105210756342989367481052
9367481052275406138993674810521945827630275406138927540613892754061389194582763093674810522754061389
9367481052936748105210756342985146209783107563429851462097839367481052275406138951462097835146209783
1075634298275406138910756342981075634298275406138951462097839367481052107563429851462097832754061389
1075634298514620978310756342981945827630194582763010756342985146209783514620978351462097832754061389
9367481052194582763019458276302754061389275406138919458276305146209783194582763010756342981075634298
2754061389107563429827540613895146209783194582763093674810529367481052514620978393674810521945827630
2754061389107563429893674810521945827630936748105251462097832754061389107563429851462097831075634298
9367481052194582763093674810521945827630275406138927540613892754061389194582763010756342985146209783
5146209783514620978310756342981945827630194582763019458276309367481052514620978319458276301945827630
1075634298275406138993674810525146209783936748105219458276305146209783514620978327540613891945827630
5146209783194582763027540613899367481052107563429851462097831945827630107563429819458276309367481052
1075634298194582763010756342989367481052194582763027540613891945827630936748105227540613899367481052
9367481052275406138993674810525146209783936748105293674810525146209783936748105227540613899367481052
1945827630514620978310756342989367481052936748105227540613895146209783194582763093674810525146209783
1075634298194582763010756342981945827630514620978351462097831945827630194582763051462097832754061389
5146209783107563429851462097835146209783514620978351462097831945827630275406138951462097832754061389
5146209783936748105227540613899367481052275406138927540613899367481052194582763051462097839367481052
1945827630936748105210756342989367481052514620978351462097832754061389107563429819458276301945827630
2754061389936748105227540613891075634298514620978351462097832754061389107563429810756342985146209783
1945827630275406138910756342981945827630107563429893674810521075634298275406138919458276301075634298
1945827630275406138951462097831945827630194582763019458276305146209783194582763010756342982754061389
1945827630194582763027540613895146209783275406138993674810521075634298514620978393674810529367481052
1075634298936748105293674810529367481052514620978393674810521945827630936748105219458276305146209783
5146209783107563429851462097831075634298275406138951462097839367481052936748105210756342989367481052
9367481052194582763051462097835146209783107563429827540613891945827630514620978393674810521945827630
1945827630936748105219458276302754061389194582763093674810529367481052194582763093674810522754061389
1945827630275406138927540613891945827630275406138927540613895146209783107563429827540613891945827630
2754061389107563429851462097835146209783514620978351462097831075634298514620978351462097831075634298
1945827630936748105251462097832754061389194582763019458276305146209783275406138927540613891945827630
5146209783275406138910756342985146209783107563429893674810522754061389936748105219458276305146209783
1945827630194582763093674810529367481052275406138951462097831075634298514620978310756342985146209783
1075634298194582763093674810521075634298194582763010756342989367481052107563429819458276301945827630
1945827630275406138927540613892754061389275406138993674810529367481052936748105210756342982754061389
5146209783936748105210756342981945827630194582763010756342981945827630514620978393674810522754061389
2754061389936748105227540613899367481052275406138919458276301075634298514620978310756342982754061389
5146209783936748105251462097831945827630194582763093674810529367481052275406138910756342981075634298
5146209783275406138993674810525146209783107563429819458276302754061389514620978351462097832754061389
2754061389107563429827540613891075634298514620978351462097831945827630194582763019458276309367481052
1945827630107563429827540613891075634298275406138919458276302754061389275406138951462097831075634298
1945827630107563429819458276301075634298107563429893674810521945827630936748105219458276305146209783
1075634298107563429827540613891945827630107563429810756342985146209783107563429819458276302754061389
1075634298936748105210756342981945827630514620978310756342981945827630514620978319458276309367481052
5146209783107563429851462097831945827630936748105251462097832754061389107563429893674810529367481052
1945827630107563429819458276302754061389194582763051462097839367481052514620978319458276301945827630
9367481052107563429819458276309367481052936748105227540613891945827630275406138993674810525146209783
1075634298107563429810756342981075634298514620978319458276309367481052936748105293674810521075634298
9367481052194582763027540613891075634298275406138927540613891075634298194582763027540613891945827630
2754061389194582763010756342981945827630936748105210756342981945827630194582763093674810522754061389
1945827630514620978393674810529367481052194582763093674810521945827630194582763027540613891075634298
5146209783514620978393674810522754061389107563429810756342981945827630275406138927540613895146209783
1075634298275406138993674810525146209783275406138951462097832754061389275406138910756342982754061389
1945827630194582763093674810521945827630194582763019458276301075634298194582763019458276305146209783
2754061389275406138993674810529367481052107563429819458276305146209783107563429851462097832754061389
2754061389275406138910756342981945827630514620978327540613891075634298194582763093674810525146209783
1945827630275406138951462097831075634298194582763019458276301945827630107563429819458276301075634298
5146209783936748105219458276301075634298514620978351462097839367481052275406138951462097839367481052
5146209783936748105210756342981945827630514620978319458276301945827630275406138993674810521945827630
2754061389194582763051462097835146209783936748105293674810521945827630514620978310756342981945827630
2754061389275406138919458276302754061389514620978319458276309367481052275406138993674810521945827630
1945827630107563429893674810521075634298275406138910756342989367481052514620978393674810521945827630
9367481052936748105219458276305146209783194582763093674810525146209783275406138993674810521945827630
1075634298514620978310756342982754061389936748105293674810522754061389194582763051462097831945827630
1945827630936748105227540613891075634298936748105219458276309367481052275406138919458276301945827630
9367481052514620978393674810522754061389107563429819458276301945827630107563429819458276309367481052
1945827630107563429827540613895146209783194582763010756342981075634298514620978351462097831945827630
2754061389194582763027540613892754061389275406138919458276301945827630275406138927540613899367481052
9367481052514620978310756342985146209783936748105210756342982754061389107563429851462097839367481052
2754061389514620978310756342982754061389514620978327540613891075634298275406138927540613891945827630
5146209783194582763010756342982754061389194582763027540613892754061389107563429819458276301945827630
2754061389514620978310756342985146209783107563429819458276305146209783936748105227540613899367481052
2754061389275406138927540613895146209783107563429810756342985146209783936748105293674810529367481052
1945827630275406138993674810522754061389275406138951462097835146209783275406138910756342981945827630
1945827630
