6529317804041523678965293178048507361924041523678912583496701258349670534670918204152367891258349670
1258349670534670918285073619246529317804534670918265293178048507361924534670918212583496701258349670
8507361924534670918204152367895346709182534670918285073619240415236789850736192453467091820415236789
8507361924850736192485073619240415236789850736192453467091826529317804652931780404152367896529317804
5346709182041523678904152367890415236789850736192412583496705346709182534670918285073619240415236789
6529317804850736192485073619240415236789041523678953467091820415236789041523678904152367890415236789
8507361924652931780465293178045346709182534670918204152367895346709182652931780485073619248507361924
1258349670652931780485073619246529317804041523678912583496700415236789041523678953467091820415236789
0415236789125834967012583496705346709182041523678985073619246529317804652931780453467091826529317804
5346709182534670918253467091825346709182850736192485073619245346709182652931780485073619245346709182
5346709182041523678965293178046529317804850736192412583496706529317804652931780453467091826529317804
6529317804125834967085073619246529317804125834967004152367891258349670041523678953467091826529317804
6529317804850736192453467091820415236789652931780412583496700415236789125834967004152367898507361924
1258349670041523678904152367895346709182850736192465293178041258349670652931780453467091826529317804
8507361924125834967053467091828507361924534670918265293178048507361924041523678953467091820415236789
6529317804534670918265293178045346709182125834967053467091820415236789652931780485073619241258349670
6529317804125834967012583496705346709182850736192412583496708507361924125834967085073619246529317804
6529317804652931780412583496700415236789850736192485073619246529317804652931780485073619241258349670
5346709182534670918265293178046529317804652931780453467091826529317804850736192404152367891258349670
6529317804850736192485073619240415236789652931780453467091821258349670125834967085073619246529317804
1258349670850736192465293178045346709182125834967085073619248507361924652931780485073619245346709182
5346709182125834967012583496701258349670125834967053467091828507361924125834967065293178041258349670
8507361924850736192412583496701258349670041523678904152367896529317804125834967053467091826529317804
8507361924534670918285073619240415236789652931780453467091825346709182041523678965293178045346709182
1258349670041523678985073619241258349670850736192465293178046529317804850736192412583496700415236789
5346709182125834967012583496708507361924534670918212583496708507361924041523678985073619240415236789
5346709182534670918204152367896529317804652931780465293178040415236789125834967085073619248507361924
8507361924125834967012583496705346709182534670918204152367895346709182652931780485073619248507361924
5346709182850736192412583496701258349670850736192412583496706529317804125834967085073619240415236789
6529317804125834967085073619241258349670041523678985073619240415236789850736192453467091821258349670
8507361924041523678912583496706529317804850736192404152367895346709182850736192485073619241258349670
5346709182534670918265293178045346709182652931780485073619248507361924850736192453467091821258349670
6529317804534670918285073619246529317804534670918265293178046529317804125834967053467091828507361924
6529317804652931780453467091821258349670125834967012583496708507361924041523678985073619248507361924
8507361924850736192412583496708507361924041523678912583496701258349670041523678953467091820415236789
6529317804652931780465293178040415236789125834967085073619241258349670041523678953467091826529317804
6529317804850736192412583496701258349670534670918253467091821258349670534670918265293178045346709182
1258349670041523678904152367895346709182850736192465293178041258349670652931780453467091821258349670
6529317804652931780485073619241258349670125834967085073619248507361924652931780453467091825346709182
6529317804850736192485073619246529317804125834967053467091828507361924850736192453467091825346709182
0415236789041523678985073619240415236789534670918265293178048507361924125834967053467091826529317804
5346709182041523678985073619245346709182534670918204152367890415236789125834967065293178046529317804
0415236789850736192465293178046529317804652931780453467091820415236789041523678904152367891258349670
8507361924125834967004152367891258349670850736192453467091826529317804652931780404152367896529317804
0415236789850736192485073619246529317804850736192412583496706529317804125834967012583496700415236789
5346709182041523678953467091825346709182041523678965293178045346709182041523678953467091825346709182
0415236789041523678912583496701258349670652931780485073619248507361924534670918265293178045346709182
1258349670652931780465293178040415236789125834967004152367895346709182125834967053467091826529317804
5346709182041523678904152367898507361924041523678912583496708507361924125834967012583496708507361924
0415236789041523678985073619246529317804125834967065293178045346709182125834967085073619241258349670
8507361924125834967085073619245346709182125834967065293178041258349670652931780485073619245346709182
5346709182652931780404152367895346709182534670918265293178046529317804041523678912583496705346709182
5346709182850736192412583496705346709182041523678965293178041258349670041523678904152367891258349670
6529317804534670918212583496701258349670534670918265293178040415236789041523678985073619245346709182
5346709182652931780465293178045346709182850736192465293178040415236789041523678904152367891258349670
6529317804041523678965293178045346709182041523678985073619241258349670125834967085073619246529317804
0415236789534670918212583496705346709182652931780465293178041258349670652931780412583496706529317804
5346709182125834967065293178048507361924534670918212583496705346709182041523678965293178041258349670
0415236789652931780412583496701258349670125834967012583496701258349670125834967065293178040415236789
6529317804125834967004152367895346709182534670918212583496706529317804125834967004152367890415236789
0415236789534670918253467091821258349670652931780485073619245346709182534670918212583496708507361924
1258349670534670918253467091825346709182041523678912583496708507361924534670918265293178041258349670
0415236789041523678985073619248507361924125834967085073619241258349670652931780404152367898507361924
1258349670125834967012583496705346709182125834967053467091821258349670041523678953467091820415236789
6529317804850736192485073619245346709182850736192485073619248507361924125834967012583496700415236789
0415236789534670918285073619246529317804125834967053467091820415236789850736192404152367898507361924
1258349670534670918212583496701258349670652931780465293178048507361924850736192412583496706529317804
1258349670041523678904152367896529317804850736192453467091825346709182534670918212583496708507361924
0415236789125834967004152367898507361924850736192404152367895346709182534670918285073619245346709182
5346709182125834967085073619245346709182125834967012583496706529317804125834967012583496701258349670
8507361924652931780465293178045346709182041523678904152367896529317804041523678985073619241258349670
1258349670534670918204152367896529317804041523678985073619248507361924125834967012583496700415236789
8507361924534670918265293178046529317804534670918212583496701258349670652931780485073619248507361924
0415236789850736192404152367895346709182534670918204152367891258349670041523678965293178045346709182
8507361924041523678953467091821258349670534670918253467091828507361924534670918253467091826529317804
0415236789041523678985073619241258349670850736192404152367896529317804652931780453467091825346709182
0415236789850736192453467091825346709182652931780465293178041258349670850736192453467091828507361924
0415236789850736192465293178040415236789652931780404152367898507361924125834967012583496706529317804
0415236789652931780412583496705346709182850736192412583496705346709182534670918265293178045346709182
5346709182125834967053467091820415236789850736192465293178040415236789534670918212583496700415236789
0415236789534670918253467091820415236789125834967053467091825346709182850736192485073619246529317804
6529317804041523678965293178040415236789850736192404152367895346709182534670918212583496701258349670
5346709182125834967012583496706529317804534670918204152367895346709182125834967004152367891258349670
0415236789652931780465293178041258349670041523678904152367890415236789534670918253467091820415236789
6529317804850736192465293178045346709182041523678985073619246529317804652931780412583496700415236789
8507361924125834967004152367896529317804850736192412583496708507361924041523678985073619246529317804
8507361924534670918253467091821258349670125834967085073619248507361924125834967065293178048507361924
1258349670652931780412583496705346709182041523678985073619246529317804652931780412583496708507361924
6529317804652931780404152367895346709182850736192404152367891258349670534670918253467091826529317804
0415236789850736192404152367896529317804652931780453467091821258349670125834967004152367896529317804
